wp1:
  x: -0.552595853806
  y: -0.644691467285
  theta: -1.5702

home:
  x: 0
  y: 0
  theta: 0
